1_1=4,10,77,79,15,21,30,
1_2=10,65,77,79,73,
1_3=4,10,65,77,79,
1_4=4,10,65,79,24,
1_5=4,77,79,
1_6=10,65,77,79,
1_7=4,10,65,77,79,11,12,
1_8=77,79,81,
1_9=4,65,77,
1_10=65,79,27,53,80,
1_11=4,10,65,79,
1_12=4,10,65,77,79,
1_13=4,10,65,77,79,28,31,50,
1_14=4,10,65,72,76,
1_15=4,10,65,77,25,86,
1_16=4,10,65,77,79,1,8,42,
1_17=4,10,65,77,79,
1_18=4,10,77,79,26,
1_19=4,10,65,77,
1_20=4,10,65,77,79,14,18,49,
2_1=16,23,42,54,55,65,78,89,
2_2=16,42,54,55,78,8,86,
2_3=16,23,42,55,65,89,19,56,71,
2_4=16,23,42,54,55,65,78,89,61,
2_5=16,23,42,54,55,65,78,89,12,18,59,
2_6=16,23,42,55,65,78,89,28,
2_7=23,42,54,55,78,89,67,
2_8=16,23,42,55,65,78,
2_9=16,23,42,54,55,65,78,3,8,60,
2_10=16,23,42,54,55,65,78,89,
2_11=16,23,54,55,65,78,89,35,57,62,
2_12=42,54,78,89,39,49,76,
2_13=16,23,42,54,55,65,78,89,80,
2_14=23,42,54,55,65,89,2,11,63,
2_15=16,23,42,54,55,65,27,32,88,
2_16=16,23,54,55,65,78,89,
2_17=16,54,65,78,89,
2_18=16,23,42,55,78,89,6,33,
2_19=42,54,65,78,89,
2_20=16,23,54,65,89,32,60,66,
3_1=29,30,38,21,
3_2=11,20,29,32,38,
3_3=11,20,29,30,32,38,25,47,88,
3_4=11,20,30,32,38,
3_5=11,30,32,38,12,14,27,
3_6=11,20,29,30,38,50,53,84,
3_7=11,20,29,30,32,38,5,46,59,
3_8=11,20,29,32,38,44,80,
3_9=11,20,29,30,32,38,6,44,
3_10=11,20,29,30,32,38,22,
3_11=20,29,30,32,38,
3_12=11,20,30,32,22,74,84,
3_13=11,20,29,30,32,38,
3_14=29,30,32,38,
3_15=11,20,29,30,
3_16=11,30,32,38,26,83,
3_17=11,20,29,30,32,38,24,26,58,
3_18=20,29,80,87,
3_19=11,20,29,30,32,38,53,
3_20=11,20,29,32,31,78,
4_1=19,21,35,47,52,58,
4_2=14,19,21,33,35,47,52,16,76,
4_3=14,19,21,33,35,47,52,58,22,62,85,
4_4=14,19,21,35,47,58,
4_5=14,33,47,52,58,74,
4_6=14,19,21,33,35,47,52,
4_7=14,19,21,33,35,47,52,58,9,39,83,
4_8=14,19,21,33,35,47,58,11,42,48,
4_9=14,19,21,35,47,58,25,
4_10=14,21,33,35,52,58,36,49,60,
4_11=14,21,33,35,52,58,
4_12=14,19,21,33,35,47,52,58,
4_13=14,19,33,35,52,58,
4_14=21,35,47,52,58,16,27,82,
4_15=14,19,21,33,47,52,34,
4_16=19,21,33,35,47,52,58,7,11,
4_17=14,19,33,47,52,58,27,
4_18=14,19,33,35,47,52,58,
4_19=14,19,21,33,35,52,58,12,
4_20=19,21,33,47,9,17,18,
5_1=38,52,60,64,66,78,75,
5_2=52,60,66,78,
5_3=38,52,60,64,78,33,53,
5_4=38,60,64,66,78,
5_5=52,60,64,66,78,73,
5_6=38,60,66,78,11,28,
5_7=38,52,60,64,66,78,42,45,
5_8=38,60,64,66,78,
5_9=38,52,64,66,20,
5_10=38,52,60,64,78,21,29,
5_11=52,64,66,78,28,
5_12=38,52,60,64,66,78,30,90,
5_13=38,52,60,64,66,29,48,
5_14=38,52,60,64,66,78,58,
5_15=38,52,60,64,66,58,88,89,
5_16=38,52,60,66,78,
5_17=38,52,64,66,78,17,83,
5_18=38,52,60,64,66,23,47,
5_19=60,78,75,
5_20=38,52,64,78,
