jd1=4,77,85,88,
jd2=5,19,29,38,56,64,74,90,
jd3=2,22,23,31,32,33,34,39,40,43,44,45,52,62,66,67,73,84,
jd5=12,68,71,72,80,
1_1=4,5,19,22,38,41,43,51,56,74,77,87,88,90,
1_2=4,5,14,19,22,38,43,56,77,85,88,90,
1_3=4,5,19,22,43,46,56,64,74,77,85,90,
1_4=4,5,15,19,22,38,43,64,74,77,85,88,90,
1_5=4,5,19,38,56,64,74,77,85,88,90,
1_6=4,5,19,22,43,47,56,74,77,81,85,88,89,
1_7=4,5,6,19,20,22,38,43,56,64,74,77,85,88,90,
1_8=19,22,38,43,54,56,63,64,70,85,88,
1_9=4,5,17,19,22,38,43,48,56,74,77,78,85,88,90,
1_10=4,5,19,22,38,43,64,74,77,85,87,88,90,
1_11=3,4,8,17,19,22,38,43,56,64,77,85,88,90,
1_12=4,19,37,54,56,64,88,
1_13=4,5,17,19,24,38,43,64,74,77,85,88,90,
1_14=22,43,49,56,64,74,77,82,85,88,90,
1_15=4,5,8,9,19,22,38,64,74,77,85,88,90,
1_16=4,5,19,22,38,43,56,64,74,77,85,88,
1_17=4,5,8,17,22,38,41,43,56,64,74,77,85,88,90,
1_18=4,5,19,22,38,43,56,64,74,77,85,88,90,
1_19=4,5,22,38,48,50,56,64,74,77,85,90,
1_20=4,5,38,43,55,56,64,74,76,77,85,88,90,
2_1=2,3,5,16,23,24,29,38,40,56,64,66,74,77,84,85,88,90,
2_2=4,29,38,40,74,77,85,90,
2_3=2,4,5,23,29,35,38,40,44,56,66,84,85,87,88,90,
2_4=2,4,5,7,23,29,40,41,44,55,56,64,66,74,77,84,85,88,90,
2_5=2,4,5,23,38,44,56,64,74,77,78,83,85,88,90,
2_6=2,4,23,29,38,40,44,64,66,74,77,84,85,88,90,
2_7=4,5,7,29,40,44,64,66,77,84,85,88,90,
2_8=4,5,23,25,29,37,38,40,44,56,58,64,66,74,84,88,
2_9=2,4,5,23,29,40,56,64,74,77,84,85,88,90,
2_10=2,4,5,23,29,38,40,44,54,56,64,66,74,77,85,88,90,
2_11=2,4,5,23,29,38,40,44,56,64,77,84,85,88,
2_12=2,4,5,23,26,29,38,44,53,56,64,66,74,77,84,86,88,90,
2_13=2,4,5,6,23,38,44,56,58,64,66,74,77,84,85,88,90,
2_14=2,4,5,23,29,30,40,42,44,56,64,66,77,81,84,85,88,
2_15=2,4,23,29,38,40,44,56,64,66,74,77,84,85,90,
2_16=2,4,5,23,28,38,40,55,64,66,74,77,84,85,88,90,
2_17=4,5,29,38,40,44,56,66,74,77,84,85,88,90,
2_18=2,4,5,23,29,38,44,54,56,64,66,74,75,77,83,84,85,88,90,
2_19=2,4,5,23,38,40,44,56,64,66,74,77,84,85,88,90,
2_20=2,29,38,40,44,56,63,66,69,74,77,85,88,
3_1=4,19,26,29,32,34,38,39,54,64,77,85,88,90,
3_2=4,19,29,32,34,38,39,56,64,69,77,88,90,
3_3=4,19,32,36,38,39,50,56,63,64,67,85,88,
3_4=19,29,34,38,56,64,67,77,82,85,88,90,
3_5=4,6,19,29,32,34,38,39,49,56,63,64,67,77,85,88,
3_6=4,19,29,32,38,39,56,64,67,77,83,85,88,90,
3_7=4,11,19,32,34,38,39,56,64,67,77,85,90,
3_8=4,29,32,34,38,39,56,64,67,77,85,88,90,
3_9=4,29,34,39,53,56,64,67,77,85,88,90,
3_10=4,7,19,29,32,34,38,39,56,58,64,67,77,88,90,
3_11=4,29,32,34,36,56,67,77,85,90,
3_12=4,8,19,29,32,38,39,67,75,77,78,85,88,90,
3_13=4,19,29,32,34,38,39,41,42,56,64,77,85,88,90,
3_14=4,19,32,34,38,39,64,77,85,88,90,
3_15=4,19,29,32,34,38,39,48,56,64,67,77,85,88,90,
3_16=4,29,32,34,39,49,56,64,67,85,88,
3_17=15,19,27,29,32,34,38,39,51,56,67,77,85,88,90,
3_18=4,19,29,34,35,38,56,67,77,85,88,90,
3_19=4,19,34,39,56,64,67,77,85,88,90,
3_20=4,19,29,32,38,49,64,67,77,85,88,
4_1=4,5,19,31,33,45,56,63,73,74,77,85,88,90,
4_2=4,5,6,18,19,31,33,45,56,62,73,77,85,86,88,90,
4_3=4,5,19,21,31,33,45,62,74,77,85,88,
4_4=4,5,19,29,33,45,56,62,73,74,77,85,88,90,
4_5=4,5,17,19,29,31,33,45,56,61,62,73,74,77,83,85,88,90,
4_6=4,5,19,29,45,57,62,74,77,85,88,90,
4_7=4,5,19,29,31,33,45,47,50,73,74,77,85,89,90,
4_8=4,17,19,29,31,33,45,50,56,62,73,74,77,85,88,90,
4_9=5,9,29,56,73,74,77,85,88,
4_10=4,29,31,33,45,56,62,73,74,77,85,90,
4_11=4,5,29,31,33,56,73,74,77,85,88,
4_12=4,5,13,16,19,25,29,31,33,45,56,62,73,85,88,90,
4_13=4,5,19,29,31,33,45,47,56,60,62,74,77,83,85,88,90,
4_14=4,5,29,33,42,45,50,56,62,73,74,77,85,88,90,
4_15=4,5,19,25,29,31,33,47,55,62,73,77,88,90,
4_16=4,9,19,28,31,33,45,55,56,62,74,77,85,88,90,
4_17=4,5,19,29,31,42,45,56,62,73,74,77,85,88,90,
4_18=5,19,29,31,33,37,45,48,56,60,62,73,77,85,88,
4_19=4,19,29,31,45,56,62,73,74,77,78,85,88,89,90,
4_20=4,5,19,29,31,33,56,62,73,74,81,88,90,
5_1=4,19,21,29,38,64,74,77,82,85,88,
5_2=4,5,19,29,38,51,52,64,74,79,85,88,
5_3=4,5,29,38,52,64,74,77,85,88,
5_4=4,5,8,19,29,38,74,77,85,88,
5_5=4,5,19,26,29,52,64,70,77,79,85,88,
5_6=4,5,19,26,38,52,64,70,77,82,85,88,
5_7=4,19,29,38,52,74,77,85,88,
5_8=4,5,19,29,38,52,64,74,85,88,
5_9=4,5,19,29,38,52,64,74,77,85,88,
5_10=5,19,29,38,52,64,74,77,88,
5_11=4,19,29,52,59,64,74,77,85,88,
5_12=4,5,19,27,29,38,52,59,64,74,76,77,85,88,
5_13=4,5,19,29,38,52,61,64,77,85,86,88,
5_14=4,5,19,38,74,77,85,88,
5_15=3,4,5,18,19,29,37,38,52,64,77,85,88,
5_16=4,29,52,61,64,74,77,85,
5_17=5,19,29,52,64,74,77,85,88,
5_18=3,4,5,19,29,38,52,64,70,74,77,85,88,
5_19=4,5,11,38,48,52,61,74,77,85,
5_20=4,5,9,38,42,64,74,77,88,
